Pole komputera
Dla pola komputera: 0-ziemia,1-woda lub pole gdzie nie wolno stawic technike,2-statek,3-ciolg,4-samolot


1 1 1 0 0 0 0 0 0 0 0 0 0 0 0 0 

1 4 1 1 1 1 0 0 0 0 0 1 1 1 1 0 

1 4 1 1 4 1 1 1 1 1 1 1 3 3 1 0 

1 4 1 1 1 1 1 3 1 1 2 1 1 1 1 0 

1 4 1 0 0 0 1 1 1 1 1 1 0 0 0 0 

1 1 1 1 1 1 1 4 4 4 1 0 0 0 0 0 

0 0 0 1 4 1 1 1 1 1 1 1 1 1 0 0 

1 1 1 1 1 1 1 1 1 2 1 3 3 1 0 0 

1 3 3 3 1 0 1 2 1 1 1 1 1 1 0 0 

1 1 1 1 1 1 1 1 1 1 2 1 1 1 1 0 

0 0 0 1 3 1 1 4 1 1 2 1 1 3 1 0 

0 0 0 1 3 1 1 1 1 1 1 1 1 1 1 0 

0 1 1 1 3 1 0 0 0 1 1 1 1 1 0 0 

0 1 3 1 3 1 0 0 0 1 1 1 1 1 1 1 

1 1 1 1 1 1 0 1 1 1 2 1 4 4 4 1 

1 4 4 1 4 1 1 1 2 1 1 1 1 1 1 1 

1 1 1 1 4 1 2 1 2 1 1 1 1 1 1 0 

0 0 1 1 1 1 2 1 2 1 1 3 3 3 1 0 

0 0 1 4 1 1 1 1 2 1 1 1 1 1 1 0 

1 1 1 1 1 0 0 1 1 1 1 1 1 1 1 0 

1 2 1 1 1 1 0 1 3 1 1 4 1 3 1 0 

1 2 1 1 2 1 0 1 3 1 1 4 1 1 1 0 

1 2 1 1 2 1 0 1 1 1 1 1 1 0 0 0 

1 1 1 1 1 1 0 0 0 0 0 0 0 0 0 0 
Pole gracza
Dla pola gracza: 0-pole wolne,1-pole na ktorym nie wolno ustawiac technike,2-statek,3-ciolg,4-samolot


0 0 0 0 0 0 0 0 0 0 0 0 0 0 0 0 

0 0 0 0 0 0 0 0 0 0 1 1 1 1 1 0 

0 0 0 0 0 0 0 0 0 0 1 4 4 4 1 0 

0 1 1 1 1 1 0 0 0 0 1 1 1 1 1 0 

0 1 4 4 4 1 0 0 0 0 0 0 0 0 0 0 

0 1 1 1 1 1 0 0 0 0 0 0 0 0 0 0 

0 0 0 0 0 0 1 1 1 0 0 0 0 0 0 0 

0 0 0 0 0 0 1 2 1 0 0 0 0 0 0 0 

0 0 1 1 1 1 1 2 1 0 0 0 0 0 0 0 

0 0 1 3 3 1 1 1 1 0 0 0 0 0 0 0 

0 0 1 1 1 1 0 0 1 1 1 0 0 0 0 0 

0 1 1 1 1 0 0 0 1 2 1 0 0 0 0 0 

0 1 3 3 1 0 0 0 1 2 1 0 0 0 0 0 

0 1 1 1 1 0 0 0 1 1 1 0 0 0 0 0 

0 0 0 0 0 0 0 1 1 1 1 1 1 1 0 0 

0 0 0 0 0 0 0 1 2 1 1 3 3 1 0 0 

0 0 0 0 0 0 0 1 2 1 1 1 1 1 0 0 

0 0 0 0 0 0 0 1 1 1 0 0 0 0 0 0 

0 0 0 0 0 0 0 0 0 0 0 0 0 0 0 0 

0 0 0 0 0 0 0 0 0 0 0 0 0 0 0 0 

0 0 0 0 0 0 0 0 0 0 0 0 0 0 0 0 

0 0 0 0 0 0 0 0 0 0 0 0 0 0 0 0 

0 0 0 0 0 0 0 0 0 0 0 0 0 0 0 0 

0 0 0 0 0 0 0 0 0 0 0 0 0 0 0 0 